513
2133
2875
5837
6310
1617
7989
4683
8540
8309
1184
2001
657
2903
9485
7440
584
4890
2912
5003
2377
3300
9390
1898
9986
7857
2603
5479
8993
8488
3774
324
7733
558
5770
9969
7167
2231
7850
3521
3921
6199
1233
4062
8697
6169
8448
4093
131
3748
5994
4548
9732
3667
6755
3138
4373
4907
2900
5529
1889
5654
7272
9207
2564
1493
7596
7562
8515
1660
2953
6114
9922
1864
4134
4321
6699
8999
9982
537
1451
5761
8114
5889
5222
2389
3533
2899
5059
9465
6689
7044
4270
4992
1574
6523
3249
1143
6250
3580
7464
3312
2184
2768
4783
2250
260
9216
7446
356
7707
1365
2731
9116
1421
2543
5581
3598
5360
8021
784
2166
1420
5758
8076
4889
7908
2587
3358
4764
5545
534
2775
4936
4912
9714
1741
8362
6187
983
7346
1928
6772
4441
6704
5037
9105
2287
5400
6179
1421
4665
5595
376
2193
2442
9532
3307
1040
4293
3346
4663
5331
4258
1595
6590
1404
2051
4711
6308
7045
8766
8305
545
4436
5771
8681
4686
1460
2413
5352
2243
5053
4803
6006
3822
8234
9387
7544
3228
2253
8756
474
7155
3747
6446
3803
6200
7814
6086
2088
7921
377
3882
2848
2005
6222
5961
9223
3360
9879
375
732
4831
1765
1177
7117
9858
6388
2661
9237
9411
7606
7484
8472
9809
3358
7751
5283
1659
8127
74
6519
5859
39
6042
2783
7864
2377
5701
93
4290
1476
3580
9016
9051
8903
2516
5675
8562
395
9407
5259
5518
5078
5038
7100
5702
5855
9465
3756
8733
7939
3626
7332
9328
3906
8154
2538
1609
2682
7990
1941
2652
5898
5459
1425
2186
2349
5008
7957
1408
7931
8920
5289
2042
8803
4151
2262
8131
1503
4483
1040
2401
2055
6922
5441
2887
892
9415
1675
1072
7809
8942
2244
1201
4061
4353
6157
3006
966
9824
4529
899
7808
6900
2830
2347
1254
2375
5093
8928
472
9523
815
8308
810
5066
2529
6601
8762
5863
8820
2800
2045
4198
1420
1110
4098
6544
4711
4215
7060
7479
2514
6053
9151
5897
7984
4815
8011
4636
109
3260
5798
4856
4811
42
2778
6565
3816
2413
2416
6740
3291
4189
8804
4683
5198
9868
8352
4526
8950
370
8420
1447
4371
6939
4536
3268
5404
4988
5335
5147
4288
8623
77
2343
5999
1
1844
3852
6128
6068
6982
7172
7251
129
1597
4929
4091
9837
8355
9906
2037
682
111
1928
8479
355
907
9617
2051
6833
7073
5109
956
8490
7478
4783
2159
2558
861
1550
7168
4210
101
3194
9876
2786
6735
8516
5373
7908
4189
2033
6018
8802
9662
4271
1488
3281
6899
8192
4083
9660
8255
4100
9700
7553
9288
8820
6565
6110
2974
9439
1685
1744
165
2480
7379
1125
7810
8894
4554
4642
3130
2176
1014
9515
7188
7330
1432
9470
1766
4256
7111
9343
9240
5573
2475
5951
611
2538
3970
8631
414
4240
8112
8519
1569
5400
6288
920
1879
4403
5200
5842
8327
2011
2520
9004
3653
8470
7068
8141
859
3310
6444
9514
3993
7013
1451
3113
324
7255
993
1467
220
1449
5813
3122
7730
6436
1526
7363
8021
4029
9186
2509
1550
2813
4239
300
9515
3100
9041
4117
1189
7022
6273
3597
2103
5310
1455
6500
6716
4559
5899
3281
5561
4041
1885
2524
4587
6233
3807
5993
7475
1030
8130
1445
4757
373
4308
8819
8344
1955
7342
6365
3517
4810
7311
522
8043
3988
9844
6211
6541
7688
5173
996
7299
6195
4366
3913
7113
6197
8586
344
4767
5229
2083
3702
49
4859
6697
6872
3832
9337
345
2038
5673
5140
2648
1315
9587
3513
8046
7138
252
6370
6663
7699
7694
4280
659
7943
9190
7196
9323
1134
4999
5182
8217
4169
799
3905
8365
7477
4547
3220
4576
127
2312
9481
6289
8322
3617
1692
905
3392
4718
6237
334
5928
730
9529
5173
1188
9126
6444
2991
456
9194
3383
1562
7193
1983
9745
7386
6195
5136
8915
9094
17
2271
6182
8605
2567
6938
998
5211
7600
6360
2171
4089
9049
4409
2623
6017
6349
4100
6062
9651
5616
7048
6441
5000
5863
4786
3531
9902
1904
543
6341
1042
1837
3962
2943
8722
1372
8783
9138
6871
2212
4574
1116
8253
1778
7136
1122
1411
9479
4765
8039
5491
5432
8383
4756
6383
153
4749
351
8358
9364
9665
3996
1712
9287
4985
9379
8843
3892
1005
6236
6522
2423
9654
565
837
2022
7479
8827
4261
7946
4571
1025
7124
1512
8595
382
1347
1094
3386
5727
1119
4214
7714
3106
6971
6103
853
6065
1405
8467
8116
7971
402
9063
7660
332
7757
7786
7535
3462
4589
2922
9205
2914
8670
7388
4529
6561
4615
6454
7696
9728
3397
3332
9746
7066
7694
8382
7736
7955
2745
3724
93
3223
2204
4547
4137
3636
6121
2995
9221
6565
7336
1815
4702
5534
4343
989
1609
6137
7199
4973
5564
792
9338
1065
8907
6230
1591
2711
4094
9176
2366
9357
7785
875
5178
4829
4331
5055
6323
5746
2671
9292
7854
2709
8886
5984
7263
3259
7787
5579
330
1624
3885
6223
5003
9161
2601
6828
5223
7487
2953
7210
8894
9259
7629
9250
1930
8588
8709
6743
7925
9196
7482
2338
2335
7104
14
8451
2975
9692
9425
6996
1278
1673
9494
8812
3871
11
8332
1961
2109
7640
6532
2463
2803
1221
9138
7462
4730
7772
5996
1355
9933
8284
3640
5910
4699
8313
3828
6642
6177
7439
6717
8785
9908
2081
4459
563
8588
9527
424
3077
223
7557
4801
6528
7230
4713
9363
8221
594
8523
2545
4285
7596
3424
1583
6966
3431
6416
4427
1171
3665
7429
6076
4232
3153
7244
2106
1369
9688
3118
5250
9727
6630
2755
7224
8275
7934
323
2845
8686
9758
7982
2843
6232
177
3290
1001
6982
9589
9285
5165
1545
7337
2075
3777
7547
3380
3540
9168
3550
3300
3115
7825
212
9100
895
9525
5453
1425
722
5836
9638
1816
18
4798
1357
8098
147
9279
6551