0100101010010011101010010011010100101011000011110100010011000111011001000111011011100101111001011000011110111100110000000010001110100111111110110010100100010100100111011111010100010011010111010011001010100110000011010100010010100010111110010100101011101010,0111001101011111111010100101110111110110101110001000100000111100100011010101101100111100011001010001110001001001101110110100101001000011110100111011001100001111000011001110110101101100001011010011001011101100100100101111101100011001001111101100010111010000
0100111110011100110000110101001111001111000010010000111001100111001001101101001100010100011100001001110010011000110111001100000101011111110010111001010011101001001001100110010111100111011001100000101100101110101000111011101011111110011001010001010111100100,1011011110010101010000001101100100010010001100001010000000000000001111101001000101101000100000001001001110100001111001100001111100100110001010011011111000101101100011100100011001100001100100100101111100000011000101001000001101100000001000010101110010110011
0111111100101010001111101000000000101000000011101101100101100111011000011111101100101100100011111110011011110101000010011011001000110110000101101110110010011111010000000001010101011110001000000101000101100011000110000101101010100101101101011010100010001100,0101110001100110001100110001000101010111001101011101110111110001111111000111000111000000001101010101001100101001000000101000100101010100001101010100110111111010011011100101000011010011111110101110000010001111011100110101110011001001010010100100011100111100
1001111111101110100111000001001111100100010100100101010010111110110110000110100110100111000100011010011111011000111000110000011110100111001010110110011001110000110111100101010101001111000010100110111101100110011100111110101001111101001010010111100011011100,0010100111011100110001011011110011101100010100001110100100001101010100101101100101101100011010000011111000011011011000110101010111000011111101000100100011001011010011101101011000101011110001010101001111000001101100100110100101000010101111100010001010001101
0111100010000011111000001001010010100101000000101110111101111111011100111011000111101101000100000001010010111110001011000001010101010111110100000001111111101011101101110101000010110100011011100011111111000110101100010100000011101000001011010000101000001011,1100111110111101101101001100010001110000001001111000111101100011111100110101000001101001110001100001100011001110011000110001011011000001010000111001100110100100101100101001011101101101001100000100111101001000110001100110110000101010001101101100011110101110
1111000111010011011101111000001001010111010110010101100101000010101110110011011010100100111111111010111001011111101001010001100011000011010011101101011101100111001110110011001011010011101000111110100001011011001101010001100110001111100010000101110101100010,0111111011100000111010101001010101111011010011101010010100101010111011110111110101011100110111110101100100110110000111000101001010100100100000011000001000010001000000100000100001111011001101101111110111101010011110011000010111000001110011101011110001001010
1101011011101010010001001010000011011110000100100100101101011000100011101101101111011100110001010011010100111101111110011001111001010101010011000100010000100010001000100000111100010111111001011001111100101001011001110001011011011111101101001010000000110000,1010001111010001100001101011111100010111100101011110110101100110010110001100010011101000011000010011111001100111000101001001100000101111101100111001010111011110101010110010110100111011011011000100101001110011110100001011011100111101100101101001001101110001
1111101101001000000101011010000011010111001101101011101110001101111111001100001010000111011011111011100101110100100101101011000010000010000110101110101011011110001101100110010101111100110111111111000001011101101111001010001011110010000101110000011111000100,0111010011001111000010101000001111101010101000101011111111000000100000101101111010010101101000111100110110101001101001100000011011011001010001100100101011110110111000001100111110000011010111000011010001000111110111010010110101111111110110000000100000111101
0100001011011010110100010011011111110000111110010011000001100101000011001101010111001100011011001000010101110011011000101011001101111101011001011111010000111110001100011000101110011011010011111010001011000010010000000010111000110110101110101100101110101111,0010110100000010000110000100100001111000001100100011000110101000111000101001100111000000001100001111001001000110111101111101000001101000101110011101111000101001110011100101101010011011010001100111100010110110010100010011001011110011010101100010010111100010
0100101101000111111101010111111111101111001011001001111000111110010000000100111011010110000010011111101101001011100000110101100000001010111010110101010101010011001101010110010011010110110010101011000101010110001000110001011000100101010001010010100110001011,0010110010010000110010010011100100101011001001010111110100111001001010101101111010111011010101001100010011010010000001101010000100110011111010100010000000111111100101100010100100100100111011001010111000111011001111001100111101011111001011101111011010101001
0000101010111010110001100000100100000111101011110110111010100010001011101111000100100101101010010001101101111101110111110001001001001010010110100011000100100000110101000001010111111111101011100010101110001100111100101111110010110101001001101000010011000000,0011011010111100011011010010000110111101110110011010100011100111011000001000011001001101001011100011111111010111001000100000001101011011001100010110100011011111010110011011100111011100001001000100110100011101111010001110000101001100010111110000011110110001
0101110010011100010111111001010101000010011100000010011011100100111010100110000111001011011111001111110001001101001010110011101011000110100101011011001001000010101000010101101010100011111100000101011000000011000100001010000111111111101100011110110010011000,1110000100101000110000101001011101001110000100101011110001100100011011000101111111011001110101101010110100100011001001110110100111111100011011011011101001111011001000001011000100010000011001100101111110001110110011111110001100001000010111011011100000011101
1010000010001101110100010000001001010111100110010000010010110000101000110011101111010111101110000010011011100110011011101000110011100100010011101110000010111101100010010011011100011101101100001000110001101010000100111111000000000010000001110100000000001100,1111001001000000101101000110111001011011100011100101100110000010111000000011011010110100000011010101111110000100000111011101110000010010101110101001011001100101111010100011100101001111001100101000100100101000011110111010100110001111111100101110011010111010
0100010011011100111100001001100111110100101000100101011011110100001100011110000010100101111100101110111011001001011100010010011000010011011010000010100101010010010011100111101000010000000010000100111110011100011101010111100011110110111010100010111011110000,0010100011001110010111000101111110101011100010100100111110000010001110111101001111000010000110000100100011001010111001011001111000111011101100001110000101010010000101000001110101011001011011110010101101010010011110000110111100001001000010111011100100010010
0100011011000111110000011001111011011010101111001011010111101011110101110010100010001010010110001010010011010011101101001100001011101000101001100011010111001111011101000001110000001001011111100010000101101110000000101000101010111100100100011001011001111000,1101101000100011110100000111100010000111110011001000001111111111101100111111111000110111011111000101001010101001010000110111100100110100000001101101011101101101011100111111010111101011010011011101010110110101001001001000100010000110111111101001010101000001
1000111110110100001110011110100001001111001101101001110110100010101000000101100110011011010011011100110101101000010000011100010010001111011101011110000011011000110011010001100001001101011010100111011110101001101111100010011100111111100000001000110111010011,1001000011111100010110100101100010000111101001100100001100011011101110100111100000001011001101001100001010001111100100010111000101011100101000110111111100010111010011110111010000011010110001100011000110011000000010101001111010100010101110000011000000100010
1100011000110100100110101100000001100011001010111101010011101011100101110010101111000010110111010111100010000101101000100110101000001101000000111110100000101100111000011011010101101001010011001000000101011011110110100011011101100001110100000011000110001111,0000111100111010001010100001001000010100110101001110100111101010001001001100000011001000110000001011001101010011000110110010110111101011000111100101111100101000011100101011011100001111111000101100010110110100101011010010110110110100000000100000010101010110
1110111100010110100001110001101011100110111101011000100000100000110111101001000110001110100111000100001110111110000001010001100010110111000010010101000100010010110000001101001100011011011001101100011100111011010111100101101100111011000100101111010001111101,1110001101111001001110101101010100101110010001111101110010100101000110010101101110010100110001110000110010100010011100100100111001101000110100100111101101000100001010011100000110001011001110010111110001110000010100001110000110111101100001001011100111110100
0001111000000111011100100011001101000110100000011011000010000100110101110111001100010001110000110100101010010000111001010000011111011011000110100000011100100011010000101010100001100011100110111010000001111011110001001101000010011010110010100010100110000100,0001011010000101111101011100000011001110100110111000100000001101101001101110100010101011011111001011010000101011101010000101101001001110000011011001111001001111100011001110000001111110110010011110000011010010011101011001000101100010110101000101001011000110
0111111100001100101111011110001000001011111010011100111000100111011100111101001001111100011111011111111000110100100011000001001001010011101111110110110011001011100110101111000100010110100001100001100010101000101100101010101100010011100111000101101010001110,0110001110000000110101100011100000111010110110110110011101101101111011000001011111111011101000001010001000101001100100000110001100101000000000010010100100111100011110111101011001010111010001011001110001010110101101001010101111111010011100100110101000101001
0111001100110011011101001111010001000101011010001100011010100010010001110100111111100001110001111110011000110110111101010010111101100011000111111111110100001100011000100000101001101001010110111101100110101011001110110010011001010000110101100111101000000100,0000011000011001101111101111001001011010111000101010011001111110001101011011011010111100110010110101001011001011011111101111111110000111110111001101010011111111010100000000100001011000011000010011100100101111111101001001110000000111100001110100111100111101
0100101000001101100100010110010110111100100111000101011100100111100101100001111110101111010011000000000100101011010101100101010011001011000011111110100100011101010101111110101100001011010001001110000011111100011111011010111101110110110011101011111111111110,1010111000111001111101111100100111000101000111100001011111101001101000011011100101011011000101000011000000011010111011011000111101001101100101100111000000011110010010000111010100000111000001111010000101010100001011110001010011001011101100110111110111010111
1000110111000001010001000110011110011001010011011000100010000011001010011010111000010110101011110110011011010111100110011101100111110000001100010011001010101011001000110000101011111110010000111110100101101011001010101110100110100110110110111101010000001010,0101010100001101000100000000101111101110001000111111110101000101000010010010100111100001101010001010101001111011111000101010001100110110011111111011110011001101100010010101000100000101010011111101111011000100001011001000001001111100010101000001010111000110
0100101010001000001010011011111100000000000111011010000000010110000101001010001011101000010001101101101100111000110010111101100100101111111011000000110001000101110001110011010010010111110011100100001010100000000010011010100000000100110001010011101011110111,1001010011110011001101000011000110110000111110000001101111110100010100000011110011001100111011001010100110010110101110001000110001100001110100110111011101010000100010011001001000100111000010010001110101101101011000001110010000011001100100101001000111001111
0000100011001011001011010010001100110011000100100001001111110110010001111000100110011110110111100100001001100100110111010001111110011011011011101010001000001111011011011000111100011101000001111010101111011111111010010111001100100000110011111000110101011010,1010111110000100100110111000001000111000000111100010010010110001011000011010101001100111011011101001000101110111100011101101100110011111111010010111001100111110001100000000100001000001111100010111011111000000010101101000100100110000010101001111111001001111
1000010111101100101100011101011101000001110100110110111111100110101111101111111000111101111100000001010110011001110000011110110100100101101110011001111011101001100000100001010111001110011010010000011000111001000111111110010100111011101100001001101101101010,1110000110101010011010001101000000110101010100101010001110110101110101111100111010101010010101010010011010010111111110110111000001101011110101011001111010111101010001001001100101110110010101111111010011011000010000000011101100010010100001100010110111010100
0100011010101100011001001111111111001001011011101110010110101100100101011101011010010111101001001011011110011001101111110000101011101100011001010100110000101000110000101000011100010100101101100110111101110001101000010011000111111001111101100110100100110100,0101100111011110111001001111101001111100110010110010010100001010110110111010101000110011110011001001010001110010000011001010101111010000010000010110000111001011101010000010111111001101110110001010001110110110100011001111101100111010110101010000100110001111
0000110110001111111010100111001100101100011001001101010011101010000110011101000010000111110111110110010010101001101000100001001010110111100110011111111110010110111001111110000101100110101000111000111001100000010000110001000100010111011101011001011011110111,1100110010011110111000001001100100010010110110011110111111001111111101101001010111101111010100110110101110110100111110100110011010011111111000111101010001100100000000011111001101000000001101000011100101101101011110100010011110110111110101101100100100100100
0111111100011010110100010110110001111010010101110010011001101000100010010001001000110000001101100010011000100011111110001100110100000010010110110100101101100111101110110101110110010001101001001111010101000000010001100111000111111000101100001101101110111110,0011111110100100111010110111100000001001110110011100011001111101101001111011001011011010110101101100000110100111011111001101000101110000010110000001101111100000110001111011010111110011011010011011101000110111010101110010100010001111111010000011100001101001
1001010101000011110001001001000000110011110100001110001110011010100100110011100101101001011101000110100101101100110110000110000000111000001010111011100011000011011010111100011000010100111010101001101101101101100010011011001111100000001110001111100111010000,1110111110111000111111110100010011001101100000101101000010110110101111011010101001100101000100011010011001010011110010000001010001011000110101010001110100000011001100011010100011100100010110101110000100111001001010101001000010100100101101110101000110110100
0011110011011000110000111010110100110001000101010011011101011001100011111110010010111010100110001011000101111011011001111010011101010101110101110000001011010100110110001111101110001100000101010011001000010110011000011101101010100111011000101011011011101011,0001000101011100111001011010110010000100001000010110011000010000010111110111110000000111000010101000110110001010111000100010011100101110110000010011011000111010111101111000011110100001010100101100111100000101000011000001010001110010011000011111011010101100
1000101111000111101110011111110010000100010000100010101100011000010000111100110100001100000110011010001110111110011100101101100110010110010110010100111101101001011110001110000100101011110010101101101100011110011000000101001110100011100110100010110001010100,1001001000100100010010000011101001110110100000000111011000010100100110110110111101010111100100010101100011101011010110000100110101011010101100100110101010000001100010111101001100011011001100010110100000001000110110110010000100011010101111110011101110000000
1011100011010010110111011110110110010110011000110101100111001000010011001111011011101101101011111010110001001111010000010000110100011001000111000110010000001011010110010111110111110111111110111010011010011000011000001110101100111000110000100011101011000100,0001010111101111001101010000110000101000110001101100000010001111110001001010011111101110110000011110100111101100110010011010010101011000101010101110010110101101111000011110000101000111101000100111101111111110001100011001000100010110100011100001101011001110
1001110101101110111111010000111010000101111101111101111001110100010101100110001101000000110001101110001110101110010010010001110111000111000011100001011110111011010110110101111110010011111000100101110010010110010100100011011010100011101110101011010000110100,0111001001001100101111110110111011011000000100111101100011001110011111000100101111100100100101110011100100100000100111101010111011001001111111011110101000001110000100100011111011011101111111001111110010001010111111100010110010000111100110001100101111100010
0110110010001001101011110101111101111010000011111011110110101001100010001101101010001001111110110101000101101100110100100100100000001011001100100010010010011111010010101011010100110100001101111111011011011000010101100100000010000001111111100010100111000110,0110100100010101001111010010100010100101100011111101010101001000010001111011110100001010000111001110011100000011000111101011100010111000010011011110101101010101101001001100011100000111110100001011011101000010100101111110100111011100011100001000001011100111
0111110001110010111100111100011010110011111010100110010101110101110011101101011110000110111000111010010110101010110011010101001010000001010101101010001110110111111110110101101110010010111101100011101010101001001001011111001101000111011001111010000111001110,0101010110000110011110100110100011110110111011001001111101100000000110100110011000000101101010101100100100100110001100011011111110111101001110110111001110100111001011101111011100011000001010001011111101001100110110000000000011110001110100011011010011000011
1110011011110010111000111110010101001101111011100000110110001111011001011110000000101001100001000010010011010110011110000100001111000011001010101011011101111100001111001010101001110001100100100100000111010000010001100011111001010100010010100010111010101001,0011010101010111010001101110100010011000010011101010001101110111111001000100001000110001000001110100100101111100000111111001011011000110001001010101010111011000110100011111110010010101001001100110000101010000000000001110100010101100001100110000000100111100
1100010010010110110111000011111101101001011001011110110101101100000000111011010100000101001011101000011111100000110001010111100100011001001111011010101110101001000110100001010010001101111110001100111110101000010100110001100111100001001000011010010100101010,1000011001001000010000010100001101110100010000001010101010110111001110000011011101100101100111110111010100110010111111000100111001110011010100010010001001111111001100001001010110101110111010011001101001111100001000010111011000010000101101100010100110000010
0101010001010011111111100101101111111011101110011100000101111010010111100110010110101100010110010111111001101000001000100100000011011101001010111000010111001010001011111101101111101101101001001110111001010000001100000011000110100111011011101111001101010100,0100001110001010101111110100000001110010100101001001101001011101000000100111001001001011100010001000011000010000111001101111100001011011110011001110100110101100011101010100011100011111011110111000100011000010001010111011111010100101111000111100101101011011
0011100110001010110011001000111001111111100111001101111000110011101110011111111010011000000111010100101011011101100000100000100110010011001111111011000001101010011111010001101011101111000100110101110010100010111100111001101010011011111000000101100011001011,0101010100101110101101011100010111000000010000001000111101100011011101111010010100111001111101001000110010010010111011100100110011001110000011111011101011111110111111110100111001100000100001010101011100101110010100001110010001010101000110010110101011011110
1101101000000000110000100100100100100100101110000101110100100111100001001100001111100110010001011101000100111110010001110110101010101101001111011000110000001000111001001010001110000110011110100011111100110000011011100111111111100100001000111001100010011011,1100101011000111001000011101110101110101010011101010001001000111000110011101010001010110101100111111100000001101100001110101110010001101010101110100101110000001110010000111010101000110111001000011111001001000000010011001010100010001100000001010000110011000
1011010000010010010011111110110111100010111111111011011000001101101101110101000100001011011011000010000010100001011001100001101010011111010010101000011100110101100011011100111000101011000001100100001001010001110100101101001101010110101111111101010011011110,0100000101100010101000000100011001011011010111101010001101011111011111001100101110100111100011111000001001111001111001110000010001111010111010010101110101001010101111101000111011011010001100101010010000001101000000101001000000011111010000110011101011110011
1100100001101111110101001011101001100101100100101111001010111000111000101010000101000011100110110010111101011011100100110001101101010101001110010010011100000000100100011000000111101001001010111100001100110101111010010101101110011100010100001010101100100000,1011011111110001111010010011110001011101000100010111101110000010101011111110111110000101010110011001011100001110001011110110110001011010100100000111110000101110010111010010000001001111010010101111001001011001111111101111010100101110010111110001101000100111
1101101011101000100011000101110000101001100011101101011101011001101101101100010010100001000011001000101010100100110101001000100001100000011100011111011100111110000100101110001000111110111100010011111100110010100000101101110110100000001100100101000101001110,1101001011001011101100001010110111011000010011111001011000110001100101001000100110001110110101011101000011110100010001111001000100011011100010010110111100000111111110011011001111110111110001101111110000110100101100001010001010100101111000101100110101101010
1101001011011101111100100110011101011101000010011111101111111101010000111110101101101110000011010111111000110000011101001110001001011011100001100000011001100001001001111000111011010111111111100001001111011011111010011010100111101110101110001100010100001011,0100110000001111011000100100001101100110010101010100010010111001101011010111111111000111011101110110000111001000110100001010001101010000011100101111110100000101111000000111100010011110000101010000001000001111111110110101001001100110000111000100010000010010
1101101001000000000111010011000001011010001010011010101111000011111010000111111100111010111111001001100000100001000010100111000101001101111100111100000001110100111011000100111100001001011011101001100111111000100011101100000111111000111001010111111011011001,1100000001100001111101101010101110111100001111011100100111101010011010000100111110010101100100101101011110001001100101010111001000011111001011011101011000110110001010101101110010001100100111011001010001111111000101001110111001011110001000000001101111111001
0010000111001011110000011011100110111111111101010001001010010111010011010010101010010101100110110100010101110100000011010010001000101111010100011010110101111011110010001101101011001100110000000100111111011001101010000111100101111100101100110110010010110101,1011001101011011100110010001011111110101111101101000100001101000010011001011011110111001000101111101100011010111001001010000010010100100011010001010001111110001100011100010010101100010010100010101001001110100011100010110011101011101010111101100100100111101
1111110010001101110101110011110000111101101101001101101000011000011111000100000111000101100101000000011001111110011001001100111110100101110101000011100100001100001011111011001011001110011000100100100111001000110110101110011110001101011100100011001010000001,1111010011000111111111011000101000010001000110001111111001110111001010011000001000111100100000101000011111111101010011000101010101011010110101111011001101100101011001100000111100110100100110000111101011110111110011000110010001111000001100110010100001101100
0000101100100010011011100111010010110101001110111010011100001000100011100100010110101100000000101010110000000111101100001010001100111110101101001011000011101110101000110111101111001010000110000111001110000011111111101110001000000100001001110001111001100111,0111010001110101011110000000001010111000011010101101011011100000111001010111001001111101110001001110010010010000010011101111011010100000101111100001111111011000101110001010111111010011010110100001110010111101010011000100000110110001110101000100000111110100
1100101100001010111011110011001010101111001000111111001000101111000100000010010001110101001001010001010010110111101001101000101101000010001110000111110110010001111101111111010011111101011100110001011110000101011111001000001001001001001111110111000100010000,0000001001101001111111000010000001001111100101001010101110110101101000000101000100111010111001110001110101001010000111100001101000001110010111101111011110101000101100010100110101110111111000010001001101101110011001010100010001100001110000110100010001010001
0010111000011101111101111101011000110011001000110000111001011011100011010001010000000111001101111011111101000001001111011100111100110001111010011011101101001000000000111010110100101101111110011101010011100100111010010000011000100101101000110011100010101010,0010010110100001001111011101000000010111011000110000100001101101001100000010111110000100100100101010101100000011110111111111000110110011011010101101001100111111010010001000000000111101011010100000111111001001101100001110010011100101000110011011000011001010
1010101011100100000101001110010111101011110010100001101110011000110000010011100110001000111000111111010010111111010010110101000101111111010101111110100001000111101010001000101110001111100011111110111110100010011100011110110011101111011110111000000111111101,1101000001010110000111100001100110000101001110000100000010011001101100100010110100001011110100000110101101100111111110111001000110101010111001110011011111110011011001010000011001100001000100011101001110001111110101000100110011100111111000000011001101111110
0101011000011111010010010101100111011100101001111111000100100000101010111111000010111101111011001001101110101011110011111101011110111011111010001011111001101010010001010011110110111011000100011010010010111100101010001110011010010000001100101000000101000110,0001001010010011001001000111001010111101110111000010111110011001111110110100000111100001111100111100100101101010101001000101101000011111010010111111101110110011100000100011000111001000001110111000101110100001100001000000101111110010010011001101010100100000
0101010100000110010010001011000000111001010110011011010010000100100110001111011001001111101111100101110101011100001101111011110010010101000100011000111110000001101110111010001101110110101010101010110111011101100010010001001011000101100101111010001010001101,1001101010110110000010001101001010110000111011111001101110010010010111110000000110010000110111101111101100101000101010100001110011001110100011011111011001000111000111111001110100001110000000101001011110110101001100100010101111110111010110000110000111011101
1011010010010000110110011000011110110001010111011100000001000111001111100110111011100011000111101010001100110001001000101000110001100000001110011100000010001010010010110001010010000101010100111010011000101101011110010010101001010011000001001011110101110101,0011111110001011001100100000100100000111010101111101101110101111000010010111010010000101011001011100110101101111111001011100011111110001000010101001000010011100101110101010000111110000111010011000000100010100011000000001010101111010011001100111101011111000
0010010100110000010101011011111001100101110001001010011111101010110000001100101011000000100100011010000011010011100000110100001001001111001010000000111011001110110000001101000101111011000100010100101110010001010010001000100010000101000110011111010010011000,0101000011111111010110101111001111010010110110101000110101111010100010010010011110000111100111000001101000011110000001001000010111100110000000100001001010011011100110101101011001011111011111111100111000110100111000110001111000010000011111011101101101111001
0001110010110101010010010110000110010001010111011011101000100011101100000000011011101110101011010111011001111001001000100010011001101000010100001111011011001111111000100011101111011100010000010100100011000110001101101111000100001110001110001101111111110000,0010000010011010110111111011111101010101011110100110111110001011001110010000111100110101011110010011101010010000110100011111000011111100100001100100011111110000001100010011110001111111000000010001110100100011101101111000110101000001001010011110001001100011
1100101010010011101010110001110011111000011110110011110000011100111110101011011001100010111010011011011001110101011000011101101100101100001100101110011110001000010111101111101011001111101110010010100110110000110110011111100110100111000110110111111000100101,1010010101001000110111001010001001010010110000000011000001001111010010111000100110110010010100011010111110010100001010010011001011101111010100010100110000100010000111111110101111111100101100111011010110101001111000101001010100101010011001011011001011101110
0101111101000000101010001011100010111110101011011000001001111001010100110100101111010001001001110000101101001011110010110000000100101011011011110111101011111111000000010111011000011001010000101100000000000010100000110111111101001011000010111001011111010100,1011011001010001110110001111001100111101010111100011111011111000111011110011001110100101111011001110001010100000000101111001110001110001010011011100101100111101111011111110011111010101111100111100110110000011011000110100000010011101100001100101101000100010
1101101110011100111001111000000110001101110101101101011010100001001111010101100001111101100111111001100010011010001110001100001010001000101110010000110111000010010011011010101111010101000101010111010110101100100010100011101001001101101101011100100010100111,0101110001111111101001100001110011111010111011110011001000100111100110001000000010001001010111011100000000001110101100100110011010111011011001001100101010001001101111110111100111100010010101111000110100001110101111000101101010001001000101111101000011011000
1111110011111100001000101000001110100110010101000010100010001101010000111100100000010100101100010000011001011101000010000000111110011001011010001001011101111010101011000010001110010101100001011001110010101100101000100001101111000000110000101011100001001111,1110010010101110111011000011100111100010010110000100111001000111001010010110111110100001010101101010001101111101110110110011101000011011100010010011111110111011110000101110000111101101001011001011000110000110110100010000000000001101001111010101101110001011
0101110111010000010001011011000101001110000100110001001101100000100100011111101000100001100000011010101010110011000111101101001011101011101100110001010010011110110001001111111010100000001110000010010000110001000011100110000000000110110010111000100001110001,1100111101101011110100111100101101110011011011101011101111110000000100101111001011101001101111011001101011011101011100101011100011001011111101010100101010011010011011100001111100010111110000011110111011000100001000111010001010111100011101100001111101101101
0111100110111010011011010011000101001011001011000010100010011010111100010000111111001100001111010000010010011110111000011000011001100001101000100000011100000110000101000001010100101000100001101111000010111001111100010011010110100101011111000100010011000111,0101011111110110010001111110101101010111101011101111110000110000000110001111111111111011111001001101101111011100110100100001100010101110101010011111101100110100111011010100100110001111111110100010110000011101111101010000111110011100110100001111100111001101
0111000110011011000110110011100101101000011001100110101111010010111010110000000011011111111000100100011111111010011010101110100000010101111111001111001011110111101101001100100000101000011001011000010111001000001011111001001111100100100110001010001001100011,0001100000011110000101100100000000001010110011010000011101111001100111000010010001101110001101010011001100001101001000001001010100000101110000111001011011110000001001010110000100111110001111000010000110101011010111001011110110001001001111011111111111011110
1001101001000010011000001001100011111010110100001111010000001101011111110010001000010100010111010010000111010010110100001000100010100111000110011110010111001000011000110110111110111101100011001010001111000010000100001110100111101110000111100101101110111100,0011010100011110011100001100011000101000110100101011110101100001000101000111011010111001110110101101101111110111100001001000000000011001001100001110011011010000010100001001111000001001111110010110111110101101000101001001000111101010101010111010001100101001
1110111101001001101100100101010010000011101010011110010010001010011001110000010101101011001010010111010001111001110100000010010110000010000100111111110100011100001001100001000011001011000001011000000011111100111000000111110000010110101110010010101011101011,0001101001001010101001000000101011001110010111111101001111000110111011010110110110001011101100000100001000001011001100000111010001001011110101101010100111101010011010000111010001001010101111110010000111110000010010000101110001000011111101000011110001011010
0000000111101000111001110111001101100010010010001001010100111100011100011010000010010110110001100010111111010111101110110010111011001010001101011001101100100100100010101111100010110101001010100110010010000110111110110110001111101101100000111010110001010011,0101110000100111111011100111001000010001111100010101001100000000110010101000011111101111100010011111110001001111000110010111000001011100111000110101110110011101111110111001000010001111010010001101011010100101010110110001110010101110111001011000101110100110
1010010010111111010000111000001101010111101001011011110010100000011110100001010000010001100101001100000011011001010110110001110011100100000000101110000000111000011011011011010100101011111001010101110101011000000000101101011100101110100101010100101010011110,0011111111011010011111000000111101111111100001011001011010100100001101111101010111010101100001011111010010110111011000100111000110010001111001000000101011011110111100010111001001101100001001110111010001000010000100001011100001000010100100011111000000001000
1010000011010001000100010110110111111000001100111101000110101000000001100110111011111100111001001001100111100001100110000000011010011001101101011000000001001100011001110011011000111011011011000100001011110111110100010011010110011000100101100100010111111100,0000010000111001010110100111110000000100100101000101010110100010011100111001011111111000111010110000001111110010111111010000001111111110011110100101000110110001101100110110110100011100000001111111010000111111001110100001001000001110000100001111111010101010
0001001111001110010000011011010011011001000011100000000100001011100000010100000010110000011100111110011000011011111000101001000111011101001111000110001111110100000010011111111100000010101111101011001011111001111000100100111110101001011011111110000111111000,0100010001010010000111100110110001101101111111110110000111101111101011110000011000010111100101101100100001101011010100011010101101010100011101101110110111101001111111000001111100101000111101100000110111001011111110001010111000001111011110110011010101001001
1000100110101111011100100001110110000100100011000011100011111000000000000101011100111100011010100010111001100000001110000010110111010100011100111010101111110101101100101110001001011110010001110011101010000110001011010111001111101010101010110111011000101111,1101011000110100011010110100010100101110001010110111111010011010111000011001100101101011001100000000000101110110011110011100000111101100011100101110001111111111011010111001000011000100100010011100101000111110111110101110101000001001101101101100110101011100
1101011100011010000100101101110110100001110101110100000000001010110100011100001010001001001100001000101110010110110000110000101000000111001000110100101111110011001101000110010110110010101110110110011101100001111001011100010001100110111001100101111101010101,1100100101001010001111111011101111100111111010010011110110000011011111101101010111011111001101100110000001011100101100010101011111100011101111111101011011000011100110011011101110010000001011001010100101000001101111001000111111100111010010010010111101010110
0111100101100010110010100010010011100110111111010000010100000100110110010000101110011000011110010101100111001011101011001111110001100100001011000101101111111110100111100101110010111101010010001001000101011110011101111101111100101111100100100001111110011000,1111100101101111100011111010101011000011111010100111010100101100101011001000010111111011111001110010011111001001101010011101010011000111001010001101010000001011001000101111000011000011111111001010011011001010000100010000010001111010000000110100111011100000
1110111011101111011100000011100100011010011010111000011100011000000100010110110000010000111111001010001000011100000001010011000110000101011011111000000010000001110111010100101110100011011111110110111111000010100010100100110000001001001111001001000110100001,1011000111110110101111100111110001011010010000111111101110011001000001110011000110110011010111000111011001100111001001100100000011100011000101110001010111011010110111110101111111001000011010011110110101101001000101110110111100001101010100101011111010010011
1010100000010111001100101101000000010001110101100101011101110110100010011010010001101101100001001111101110111101000011110110000010010000010101100111101101100111100001000100101101101001000011010111010101001101101100001110111110110000001011011111011010001100,1001110110111001001011101101011111011110010111000100010111010000100111110111111101101011101100111111100110011001000101111101011000110011110000010010110001011000001111011100101111101100100110111001011101110011101111000010101010000010000001010110000110100001
0111100011110001110001100001001100111101101000101111101011000110110111101111110010001100111111110001110000000010001101100100111101110011110111011101001001110100010101011110010010001101000000000101000111011111011001000010010110000001001001000001011000110111,1111100111011110111100000100110000011110000010100000101010100001010000001000011110100111010110100001010111110001100011111111101101000111100111110001011000111110001110011001011100010010001111000111011011011010110011000111111010110000100100000110000100001111
0011000110011100110001001010101011011010011110001111111110111010111101110110100010001010000001100101111010111010001111001011010101110111000110000111110101111111101001000100010100100010110011100000100101001010010111011111111110011000111100101000101111101000,0001110010110110011110101010001100110111010010000101000100000100011110100101000111000011111011100000001010000111101110001010001000101100001011011001011111110111111111111101101010010110000111111000001111101001100111000101000101100000100111010110010101011010
1010000011100011100000010001011100111010111110101000111000100110000101111111100101000101011001000111110000010101111011111100011101110111110000010010000011000010101011000111011011100000100100001111011011110000100110101110111100010000101100101010001101110111,0110001100010111011000011110100001110110011010111001111110011010101011110101100001011001101111111000100001010011010101101000010100111110100011110100100101011100010000110110110111110111110001101110101000001001110010000001100110010110011000011010000100101001
0110011000101110011000000100000100100111010101101010001111011001011000111101010001000001111001010011101110100100111100011110111001011100100010001000001000101010111101011100011011100000000001001001001111100111110101111111101111000010100000001000011010001101,1111111010010100100101100110100000001111011010011010100011001110111101000111100101001110001110011011011100111000110010100111111001101011010001000001101111001110110101011011110010100000001111011101100010001111111010101101011010000001001111001000110100110001
0011000000011000110110000000001010011011001010100011001101110001111111010111110110110111001010101000011000100010010000110011111011100011101111110000010101000001000000110101001010000000011000111010111111110001110100111111011100011000100100010100100100011010,1010001100111001101111001101011101001101110011100011010000111001111100011010100000111010001001011100110110110010010110011110000111110011101001010101010100100001010111110111101110100011000010111101101100100110111011011110000010010000000100000111011010101110
0101110111100000101100111011100111111011001111000010010111101111001100001010001100010011000111111011000100010011100010010100010011101111011111100011110111001000010011000111111100100101100101001100011100000000001011111101000011010010110100101111011110000000,1001110101010011111101000011000101000010110000110110001011001011010000101101110111101111100100110000011101100001111010110010011100000111110011001000001110100001111011110100111101110011000011101111011110000011101011100110001000001000111000011101110101111111
1010011100010011000101000101010101101010001010110101110000101000011011001111110011001010001101100001000101001011010111111100111100100011011011101011101101011000011001110001101000110011011101111010100110011000111111100111111100001000100010000100101000010101,1111001100011000000101101101011100101001110111101000000001000000111110010101010000100110110101100010101001011110111101001110101110011010110100001000101001110011010000101000000101111100001110000111110000111101011110000111110100000111011101001111001110011011
0001101000001101001000000010010111100010000100010111001101000010000000011110101000100000011110001000110010000001010110000111010111001111110011110111001111101111010111101010111010011000101111100000001101000110010001001111110100101011011101001100010111110010,0001111011010001110010011110011111111110000101011110111110000101001100010001111010010111111101010010111010110001100101101001000000011001010001000010001100001010001100100110111011000101001110110011100010011011001101000110110101001101011000101000100001000111
1001000110001010110100010101111010101110100100001110110010110001111010000011101101011111011100101110001110000110000101100001000100001010100100110110011000100110101001110111001100101101110001001110111111010111110110001111010001100110100111011000101000011100,0000100011101011010011000110110001110010110101101100100110110100011000000110001100010001011010110110100110011110011101011011011000010100100010001100001100101100010011100101100000000110011000000001100110000010101001100001000010001000000111011110111000111101
0100011111010011111110000111001111101010110010000100001010100101000010000100000000110111100000101100101101010011000111111010001011000100000101110000111001101100010110111101010001100101000000101010110001100100001111011101100110011001000101111110011100100101,0100100100101001001110111101000100001000011000100001101101100101101100001101011010010001001100111010000001110011011100001011000001101010011111111010111100111110011001001110010101010001011111100000011000110001111001111111101011000000100000001111010110100100
0101010011010011000111010100110110000011110010010011100100111001101111010101011000100011011010010001011111011100001001111101010001100001111111100011011011001110011001101001011001111101010100001011110101001010111110110010101101101010101110101010010110111000,1001010101010001101111100001011001110111111010010000110011010100010000001000110110111101101001010010110011011101001000000101111000100011011100001101100111010110101111110101111000001010001110010100100000010000111111010101011000110111110011001010100110110100
0100010100010100111010001100001101111010100110010110000010100011111000111001011011001010100111111001101001000011010000011110001110111100100111110011101000101101000000101011110010000100011110001001001010010110110110011101011000010010110100010011111101101101,0111010011100100011000111100110010010100010110011010000111001001011010100110100000100010011100110011001001010100110000101001010001110101000110001100100001111111111010011011100110010000110101011001111011000111010100001000100111000100010011011010111111010000
1100001101110111010010101001000110010101000111110001110010000101101100101100000011111111101001110111010110010111101010001001100000000010000001000001000101010111100001010010100010011101101010000000011110000011100110100110100100001111101010101101101101110101,0000011110101000001101011010010000101110100111100000110100011111010101110101000110111011010000000000101100111010100100110101000110011111000100011010001011001111010000011101011000110001011010010001110010111111010010001101101110011010110100001101110010100011
0011101100001100000000010010010100010001110011010000110111111101011101001101001101110111111110100111100110101110000010011001010010011101101110111000000001010111101000010001110011011110101011110001110110011010000110111001100100011101100000010100000011000010,1100001010110001101101110001001110010011110100110110011100011010011011110010001100001000000110010010010101011011110010100111010111001111011111011011110100001101100110110101011100010010111100101110101110111100001100001100101100111110111000010011000111111100
1110011001000111101111110110001111011011111000000111010001010011110010110111010100101001111001100100111011010111110100001101101001101011011011101011000100011101100101110011001111111111001010100111110011110111101111100011011011110000110001110100100010111101,0000111110000110010011101010000000001110110000000101110001111110010001100111010001100000000011011111110001101011101111110011100000100001111001100000010100011010110000011100101001010110011011001100111001100001000000111110100000101100010100000000011011011011
1100000000001100001111011100010110001011111101010101100001011011000010011010001001111001000011010010110000111101110111100000000100010110110001111000111011001000001101111101101100000110111111111011011010101101100101110100010100100010100110111111110100010000,1100001111101001000101110001111011111011100001100101000011100110101110011000011110111101100001101011000101011000011011010000001000110011101001011100110110111010000011011010111001001111011011001000010110010010001110100001100001001100000010010111101100100000
1001001000001000001110100101010000000111011110110101010100100000011100101000011000101000000000111001111111001101011101011011111001110101000110110111111011001110010010110110111111110001011001010011110000011100011011000111110100111110011100111011010100010000,0110011111011110000001001110101111001101011100011000000111101101110110110001101010110110001110001000010010101110000101001111000101001001110110101111111011110111000010110010111010101101100001000111011100101000000100001111001100100111010100001111000100100110
0110111010010101110101111001100010000110010001111001001011110011101100110100110001111011011100110101000110000111101110000100011100110000000001100000100001011010111010101100111110001100001111000100010101100000001110100001101111110100011110111010001110011010,1101001011101101101011111010001011000010001001001100110011001010011101111011010010001000001111000100111101010101100001101110000010101101000111010001001000100101000100110011000111111010110101100011101111101110100000011101110000111101110101001001110010010001
1101001101000110101101011111011101110011010101011101101000011010011101101100000101111111000011010000001001001000111000101111110000000010110101111010001001110011111101010010111110011010100110101001011010100111011001000000000111000000000000000000111111001111,0100001000001101110110011111101000000001000001011111101100000001010000001111111100001110010100011111010101011000011001101011010000010010101110100111100100010000011111010101010110101010001101011000011010100100010010011011100100000101100011000101100100001000
1111010011100001001111000110001010000010001101001001000000000111000101011110000100100000001011001011101101011111010001001101011100101110110111001111000000111010101100001010100101100100110001100011001100001110110110110110001000010000011010001101111111001011,1001100101010011001111111001111101110110001111110010110100010000101000010101101011010000111110110010101011100000011111001111101000111101100110101011101101010011010110111101011111100000010001001000011110000011111101110001111111110001000011100100010001010011
1101101010001001100110001010011101001010101110111110101001010111101001011100001110101101111111010100000000111100100101010110000011101100010001100110011100110111001110111100111111010101100011100111111110001010000001011010111011110010010111010110101101110010,1100001011011110010111100110111000111101101101001111000110010110100100011001000111000000110110100000100010010010010001111110101101011101000101111100001100110100111001101110001000110111101001110110101101011110010101010011011010010011010000001101011000000000
0101111100010101111101100001010101011111100011011101101100011111111111111001000001001010011111110100101011011010001000100111000000001111100000000000111000001001001100101100110100001100101001010010101010001000000111000011010001011001100110110011101011010010,0101010011000111000110011010101110000010011111111100010011101010011100010000111101111010011000100001001011011011001111101000011110001111110011011111110100011100101010100110011111101000001011110110010100011011100110111100100100011001110000100100011001111110
0010110101110111010011000100000000010011011000111000011101011100000111101110111010011000100110101111111010101010101010111111111010100011101001101000111011001001101101101011110001011100110110010110000111011100000010000100010111010010010000001100111101100101,0010001011101110100111001000001110011100011011001001001110001001110011101101000000001000011010111111000000110111001100110100111101011000111011110000110001000000101000100110101100001011100010011001111100000010011011111101010001111101111011011111110000000011
0101110011100010111001110101100101010101110010001111011001010010110101011000000010001100101111011111111010110110001001111000011110010011011100110001011000100101000001110100111100101110110011000100111110111011010001110111001010110111110101110010100111110000,0101111101100011101010011000101000010101000100110010100110010010111001100111010011000011001100010111011010010000010001010011101101010111010000100100010000110111101011011100111100111001010010000110101000100100110111110011110100000100101000011100000011000110
0000100111000100010010010101011111010110110011011000100001011000101110111001111111011100010001000000010000101101111001110100101111010001011011000000001111101010001111101100111110011111001000010001001000100110110000100011010100101001010101110010000001101110,0010010001011111110011000001000000001110110000010001011001100100000110101111100011100000110101101100101110001100110100010111000110110001011111010100010111100100111100011101100010101010010001101010110111110110000111110001101011011100011111010110100001000000